y_test,y_pred
2.0500000000000065,1.6753126
0.9900000000000008,1.550852
2.930000000000004,2.283914
4.78999999999999,2.8880045
1.689999999999998,1.8464441
1.8500000000000023,2.575197
2.089999999999994,3.242122
1.0800000000000034,1.6694528
1.1899999999999982,2.0264223
1.6399999999999926,1.6834521
1.4199999999999944,1.9017079
3.3099999999999943,2.8816354
1.2400000000000029,2.288254
1.219999999999999,2.3147197
1.0999999999999963,2.2959876
1.529999999999999,2.5836363
1.6299999999999968,2.2910132
2.569999999999994,2.230706
1.689999999999998,2.5411832
1.1999999999999966,1.4715025
5.210000000000012,2.132
0.8499999999999972,3.1004398
5.200000000000016,2.3516717
3.54,2.7248228
1.8700000000000032,2.3282402
2.8500000000000094,2.8673182
2.4499999999999926,2.626194
2.149999999999995,1.8409315
1.5800000000000034,1.7424303
1.6399999999999926,2.0561242
1.990000000000005,2.4360304
1.300000000000004,2.3324895
1.5500000000000052,2.0621426
1.0999999999999963,2.0717688
1.8700000000000032,2.0957286
1.1100000000000043,1.9989519
1.0699999999999956,1.7888876
1.0,1.6084791
1.7900000000000025,2.8510468
3.209999999999996,2.74227
1.910000000000004,1.6948704
1.1299999999999972,1.555472
2.6499999999999915,1.86501
3.170000000000001,2.5662646
1.560000000000002,2.0680594
1.8600000000000083,2.1993184
1.0900000000000027,1.4752085
1.1999999999999966,2.102095
1.219999999999999,2.1378229
4.713084663428889,3.0806518
2.7599999999999936,2.2508042
1.7299999999999995,2.261897
3.450000000000005,2.2829704
1.2400000000000029,2.0894532
1.6800000000000053,2.1580997
1.0900000000000027,2.061046
1.0600000000000018,1.5767901
1.0399999999999994,2.334904
2.470000000000012,1.8165098
1.720000000000004,1.4447252
1.7799999999999951,2.0095847
3.4199999999999977,2.1459496
1.5699999999999947,2.1176102
1.0399999999999994,1.7952687
4.429999999999986,2.984873
3.3649944506111145,3.0078676
1.1100000000000043,1.7131463
1.3899999999999937,2.4687517
1.8799999999999968,2.073624
1.660000000000001,2.2132835
1.1200000000000028,1.7463657
1.8199999999999947,2.140226
2.58999999999999,2.1897101
1.169999999999996,2.0187485
1.340000000000003,2.3712149
1.7400000000000044,2.5152018
2.779999999999988,1.9952224
1.2700000000000038,2.1062973
2.800000000000008,2.0854154
1.1299999999999972,1.5615691
1.3300000000000052,2.4473197
1.8199999999999947,1.7551657
2.970000000000013,3.0706291
2.180000000000005,2.6547995
1.7099999999999989,1.7867634
1.7900000000000025,2.0949004
1.3899999999999937,1.7729934
1.1500000000000037,1.4833702
1.4900000000000038,1.8670415
1.6399999999999926,2.2847157
2.209999999999994,2.2083068
3.370000000000004,3.0826442
1.0999999999999963,2.0360074
1.5,1.9002316
1.4399999999999984,1.4576569
4.127882382633886,3.0757706
2.160000000000007,1.9598387
1.92,1.6801819
1.9300000000000053,2.2193317
2.1100000000000088,2.1201203
3.2900000000000027,2.4692774
2.0400000000000045,2.3904471
1.4399999999999984,1.7974695
4.75,2.3923798
1.5099999999999962,2.110212
1.280000000000001,3.0251684
2.310000000000002,1.9590564
2.0400000000000045,2.1864333
1.219999999999999,2.0759833
1.6500000000000004,1.4990103
1.4300000000000048,2.1791108
2.0500000000000065,1.7732209
1.169999999999996,1.9729913
1.6699999999999977,2.234252
1.939999999999998,1.7889011
2.240000000000005,2.4364097
1.1299999999999972,1.8646586
3.820000000000008,2.9860945
3.690000000000011,3.0645425
1.5,1.9202082
3.3000000000000007,3.1430557
4.019999999999999,3.0797338
2.4200000000000035,1.882578
3.9099999999999993,2.4685946
1.660000000000001,2.6817956
3.440000000000008,2.2325199
1.959999999999996,2.2160537
1.3100000000000018,1.9854895
1.4300000000000048,1.884124
1.660000000000001,1.676054
1.340000000000003,1.9798763
1.560000000000002,2.1051772
1.0399999999999994,1.8477914
2.8899999999999904,2.5036225
2.0,2.184534
1.7599999999999956,2.2487257
1.2100000000000015,1.85468
1.9300000000000053,1.7432553
2.699999999999992,2.1421635
2.677128644146112,1.8022003
1.3300000000000052,1.7615238
2.399999999999993,2.3335161
1.6100000000000074,2.356585
2.0500000000000065,1.9717401
4.281441191316665,2.9748065
1.1200000000000028,1.4223412
1.6999999999999944,1.7505223
2.360000000000009,1.8105879
5.174854368932777,1.9490831
3.1000000000000103,1.8091285
4.509999999999993,3.1581585
2.339999999999992,2.044047
1.5500000000000052,2.2605233
1.0999999999999963,2.3057883
1.2299999999999964,1.8764836
2.220000000000009,3.063153
0.860000000000002,2.3721101
2.180000000000005,1.6438739
2.3500000000000068,2.775508
1.169999999999996,1.6565837
1.340000000000003,1.8726008
1.25,1.4514139
1.2700000000000038,2.152232
1.0399999999999994,1.7888578
3.48998612075,3.0577018
3.5899999999999976,2.4152465
1.689999999999998,2.6836607
1.8799999999999968,2.088552
3.874999999999996,2.3281746
3.87,1.9967045
1.169999999999996,1.5315751
2.3199999999999945,3.1948488
1.2700000000000038,2.6270895
2.430000000000005,1.7792462
3.830000000000007,2.7380414
2.490000000000006,2.8977838
1.280000000000001,1.7829278
1.1299999999999972,1.9979745
2.509999999999994,2.0565417
3.269999999999992,2.0158322
1.1100000000000043,1.9553263
2.1299999999999963,2.052644
1.6399999999999926,1.6040033
2.2900000000000063,1.818261
1.5999999999999988,1.8299198
1.8300000000000007,2.459253
3.1000000000000103,2.9187593
2.5199999999999947,2.3781395
0.96,1.5393333
3.6399999999999895,2.2040806
0.9399999999999984,1.721901
1.280000000000001,1.4399242
3.410041637750001,2.676601
3.3399999999999954,2.7623868
2.579999999999996,2.0241277
2.310000000000002,2.1688905
2.019999999999998,2.2286718
1.5699999999999947,2.2168188
3.1499999999999893,2.8594768
1.8999999999999968,1.9072671
1.0900000000000027,2.7630243
2.0299999999999927,2.0862427
1.990000000000005,2.3002481
1.0900000000000027,1.7262481
3.9907756232666656,2.763664
1.6100000000000074,2.082092
1.980000000000001,2.2454433
2.5,2.2324128
1.0399999999999994,2.112712
1.7599999999999956,2.317877
1.6299999999999968,2.2690172
1.409999999999997,1.9074545
1.0,2.0120516
2.459999999999993,1.6184459
2.490000000000006,1.8621061
1.460000000000002,2.4203286
3.899999999999996,2.7449532
1.2100000000000015,2.0122783
4.120000000000004,2.571878
3.769999999999991,2.6303794
1.0900000000000027,1.7026297
2.199999999999993,2.3257225
1.6399999999999926,1.7464783
1.980000000000001,2.288956
4.769999999999989,2.416465
1.660000000000001,1.957412
1.9300000000000053,2.2362082
4.029999999999983,2.3486826
2.019999999999998,1.5422153
1.7599999999999956,2.3594139
2.699999999999992,2.351919
1.1399999999999952,2.1398225
1.340000000000003,2.2621355
1.8300000000000007,1.8192216
1.800000000000006,2.1227984
3.620000000000004,2.8574758
2.800000000000008,2.2372265
1.970000000000007,2.1368234
1.3300000000000052,2.1070848
2.0,2.41457
1.1299999999999972,2.0516846
1.59,1.6010637
2.0699999999999945,2.3746886
1.1899999999999982,2.378649
2.1000000000000045,3.1765096
4.549999999999988,3.2470696
1.300000000000004,2.150903
1.7400000000000044,1.6210828
3.820000000000008,3.3486016
1.6399999999999926,2.1064358
2.920000000000004,2.1603928
3.1100000000000105,2.7686303
1.6999999999999944,1.6898172
2.58999999999999,2.1129193
1.25,1.8920674
1.689999999999998,2.1803482
1.7900000000000025,1.7584459
1.2599999999999971,2.3868005
2.1299999999999963,2.1770558
1.6399999999999926,2.5625265
2.879999999999997,1.8283169
1.689999999999998,1.6786935
1.7599999999999956,1.909507
1.910000000000004,2.2682514
1.75,2.6050365
4.730000000000011,2.345362
1.92,2.1167424
2.089999999999994,2.155383
2.5,2.1674392
4.92138632162778,1.8678358
1.3899999999999937,2.1306298
1.4399999999999984,2.31543
1.959999999999996,1.9539123
3.029999999999986,2.738678
2.300000000000008,1.8646338
1.1399999999999952,1.9654938
2.430000000000005,2.1901894
3.190000000000004,2.740237
3.129999999999996,2.0397186
1.25,1.505708
2.189999999999998,2.8945615
1.9300000000000053,2.7401457
1.7599999999999956,2.093906
1.3700000000000032,1.5195854
0.9399999999999984,2.2830284
1.3100000000000018,2.7035925
1.529999999999999,2.3442917
4.379999999999996,2.1420414
2.0799999999999987,1.8515443
2.8500000000000094,2.5207107
3.1499999999999893,2.7447171
1.1899999999999982,1.8636208
1.7799999999999951,2.054814
1.8999999999999968,1.8193208
1.400000000000004,2.1002014
2.75,2.9345744
2.060000000000002,2.0702543
4.0900000000000025,2.9371235
1.3199999999999952,2.3742654
4.2600000000000025,2.970028
2.1399999999999912,1.8968066
3.6799999999999935,2.1807585
1.810000000000002,1.5098617
3.269999999999992,2.4641113
1.169999999999996,2.7930722
3.6799999999999935,1.9223789
4.200000000000009,2.8079941
3.199999999999997,1.9188722
3.960000000000004,2.0857606
1.1500000000000037,1.8477681
1.1399999999999952,2.158175
2.019999999999998,2.2425573
2.810000000000002,2.5610218
1.9300000000000053,2.141675
2.060000000000002,2.047332
1.7599999999999956,2.1886368
3.230000000000008,2.183088
1.800000000000006,2.8291411
1.300000000000004,2.2626543
3.4987014428416616,2.0784554
2.5299999999999887,2.7826355
2.240000000000005,2.197851
1.0600000000000018,1.8570176
1.7400000000000044,1.8048388
1.8799999999999968,2.317928
1.4499999999999953,2.4191935
1.0500000000000025,1.5040911
1.6800000000000053,2.1110492
2.7599999999999936,2.41697
2.180000000000005,2.0725534
1.4499999999999953,1.4657472
1.8700000000000032,2.3553207
4.360000000000011,2.3733647
1.3199999999999952,2.0886424
1.0999999999999963,2.0123112
1.2400000000000029,3.1003993
4.66,2.8918297
1.2100000000000015,1.4392995
2.75,3.1049466
2.0799999999999987,2.6608896
1.4799999999999964,2.0465617
1.340000000000003,2.1907325
1.8799999999999968,2.6271625
1.300000000000004,3.0295908
1.6100000000000074,1.9073075
1.4399999999999984,2.247689
1.1399999999999952,1.8789136
1.5399999999999994,1.9567842
4.502385575589445,2.3677251
3.54,3.0084925
1.1200000000000028,1.6273534
1.1800000000000046,1.6841106
2.540000000000008,2.1478026
1.5399999999999994,2.630858
1.0600000000000018,1.4166685
1.5999999999999988,2.3714502
2.1000000000000045,2.0801322
1.4399999999999984,1.5047536
1.409999999999997,2.0645509
3.0799999999999987,1.9628923
1.5500000000000052,1.6814286
5.279999999999981,3.047112
2.170000000000002,2.1129966
3.928548770817775,1.9815999
